%YAML:1.0
cameraMatrix: !!opencv-matrix
   rows: 3
   cols: 3
   dt: d
   data: [ 3.6722758957498229e+02, 0., 2.5748797694354658e+02, 0.,
       3.6762777590350720e+02, 2.0783962931971286e+02, 0., 0., 1. ]
distortionCoefficients: !!opencv-matrix
   rows: 1
   cols: 5
   dt: d
   data: [ 1.3069339368742242e-01, -4.4548385898492343e-01,
       1.6367112955352624e-03, 2.0899222055042609e-03,
       3.4745308177025536e-01 ]
rotation: !!opencv-matrix
   rows: 3
   cols: 3
   dt: d
   data: [ 1., 0., 0., 0., 1., 0., 0., 0., 1. ]
projection: !!opencv-matrix
   rows: 4
   cols: 4
   dt: d
   data: [ 3.6722758957498229e+02, 0., 2.5748797694354658e+02, 0., 0.,
       3.6762777590350720e+02, 2.0783962931971286e+02, 0., 0., 0., 1.,
       0., 0., 0., 0., 1. ]
