%YAML:1.0
depthShift: -2.9238086305186334e-01
