%YAML:1.0
cameraMatrix: !!opencv-matrix
   rows: 3
   cols: 3
   dt: d
   data: [ 1.0628062147908838e+03, 0., 9.4308744491192431e+02, 0.,
       1.0657385350467910e+03, 5.3791647557225576e+02, 0., 0., 1. ]
distortionCoefficients: !!opencv-matrix
   rows: 1
   cols: 5
   dt: d
   data: [ 6.7020511234205424e-02, -6.2087235404872279e-02,
       4.0873012682758423e-03, 1.2457848823706967e-03,
       8.0435943673268281e-03 ]
rotation: !!opencv-matrix
   rows: 3
   cols: 3
   dt: d
   data: [ 1., 0., 0., 0., 1., 0., 0., 0., 1. ]
projection: !!opencv-matrix
   rows: 4
   cols: 4
   dt: d
   data: [ 1.0628062147908838e+03, 0., 9.4308744491192431e+02, 0., 0.,
       1.0657385350467910e+03, 5.3791647557225576e+02, 0., 0., 0., 1.,
       0., 0., 0., 0., 1. ]
