%YAML:1.0
rotation: !!opencv-matrix
   rows: 3
   cols: 3
   dt: d
   data: [ 9.9776431239375030e-01, -2.6505296710484995e-02,
       6.1350192825416254e-02, 2.1173845176974800e-02,
       9.9607213307988041e-01, 8.5976589733011921e-02,
       -6.3388052453503443e-02, -8.4485353452455308e-02,
       9.9440644600594064e-01 ]
translation: !!opencv-matrix
   rows: 3
   cols: 1
   dt: d
   data: [ -7.3658738031066179e-02, -3.8346181875192412e-02,
       -1.0100703697743648e-02 ]
essential: !!opencv-matrix
   rows: 3
   cols: 3
   dt: d
   data: [ 2.6445605243708005e-03, 1.3300720207097117e-02,
       -3.7263266378571878e-02, -1.4747205629644294e-02,
       -5.9553623689230497e-03, 7.2627043783226167e-02,
       3.6700813076625906e-02, -7.4385793238892398e-02,
       -3.9803814477868422e-03 ]
fundamental: !!opencv-matrix
   rows: 3
   cols: 3
   dt: d
   data: [ 6.6768585729258553e-07, 3.3544460335900830e-06,
       -4.3240031911072748e-03, -3.7130587273807722e-06,
       -1.4978118420510524e-06, 7.9825231504405195e-03,
       1.1215638329325940e-02, -2.2296212149054907e-02, 1. ]
