%YAML:1.0
cameraMatrix: !!opencv-matrix
   rows: 3
   cols: 3
   dt: d
   data: [ 2.9555064082741524e+02, 0., 2.5324963951727088e+02, 0.,
       2.9713165942282268e+02, 2.0271572440164493e+02, 0., 0., 1. ]
distortionCoefficients: !!opencv-matrix
   rows: 1
   cols: 5
   dt: d
   data: [ 6.5325670467956787e-02, -1.0762718912503902e-01,
       8.7386036482979415e-04, -5.2538703543021058e-03,
       1.8064314955293974e-02 ]
rotation: !!opencv-matrix
   rows: 3
   cols: 3
   dt: d
   data: [ 1., 0., 0., 0., 1., 0., 0., 0., 1. ]
projection: !!opencv-matrix
   rows: 4
   cols: 4
   dt: d
   data: [ 2.9555064082741524e+02, 0., 2.5324963951727088e+02, 0., 0.,
       2.9713165942282268e+02, 2.0271572440164493e+02, 0., 0., 0., 1.,
       0., 0., 0., 0., 1. ]
