%YAML:1.0
rotation: !!opencv-matrix
   rows: 3
   cols: 3
   dt: d
   data: [ 9.8967528327297094e-01, -1.9457652406946876e-03,
       1.4331450616107524e-01, -6.0749372449901287e-03,
       9.9843982221633731e-01, 5.5506905426965659e-02,
       -1.4319891345968447e-01, -5.5804438983263531e-02,
       9.8811939348123767e-01 ]
translation: !!opencv-matrix
   rows: 3
   cols: 1
   dt: d
   data: [ -1.7701119605065943e-01, -4.4835308007985901e-02,
       8.7055675110996733e-01 ]
essential: !!opencv-matrix
   rows: 3
   cols: 3
   dt: d
   data: [ 1.1708945022569413e-02, -8.6669651859744046e-01,
       -9.2624548608062934e-02, 8.3622068831530050e-01,
       -1.1571909555725395e-02, 2.9967160655148112e-01,
       4.5447728061102748e-02, -1.7682226609899940e-01,
       -3.3997936929538288e-03 ]
fundamental: !!opencv-matrix
   rows: 3
   cols: 3
   dt: d
   data: [ -3.5596684333116618e-07, 2.6208478513184182e-05,
       -4.3904799236106897e-03, -2.5355531785324181e-05,
       3.4901156899473130e-07, 3.6650034253054922e-03,
       1.1216261252539579e-02, -1.5617501239965652e-02, 1. ]
