%YAML:1.0
depthShift: -6.5974538917317403e+01
